225235560372241132
741866003755117070
1016403162697796447
2004794376450027516
2626885097661005815
2755198378595811568
3859642064918828181
3687040375054401701
6177105674129467772
5302055195090597523
5694779592218074983
6304751038297511534
7081924152309693613
6529630540976312645
8957662368288473360
7635293935980521274
8164376650957245444
7423266741744102148
7449624992565768021
7408983542982628318
7883707251752699564
8516944680578459892
9120041556862239436
11555644874440023928
13065623635288114855
12708303269527316363
4121870302031570290
6547935794821435489
10625592564227270683
9371513914984447139
15770021623711713163
6366024845000766292
14162508984470311146
7049675007451917651
17656341590488724813
16687699090646451572
16228708260756082619
11184294763548854149
3239418974997420587
11026159928818690997
15575215334724329200
12512335532177748862
18154337354724354585
10805766533632564012
7734933894059220703
15393359288128755800
9386145151277064442
14637041207306551532
15746614967922877757
9259182390477463949
15638103051561319360
16434257515685564304
17478424716651955394
16700355697305621949
17316916213028732946
125282126309411899
509109731526322304
1111005989028162127
2707078906234892535
4241982271792468188
5680578396438864645
5036948949931629629
6852269366039671707
7976597257675485628
8450351667372229901
7592398586807908814
9024824395257566254
2777858366906287302
8993527041898092473
11978815818516452338
8587831631095588038
3903167713381398353
8019209537125223704
10408186851419486610
12608431170044583389
12607551728936305648
13506686828693065125
1356441058789420421
14820868927823492109
14782518836622859252
1134134534330529719
15738756065382178047
16270544167699114289
2628442734587800486
3154486276526978789
13949711141712888787
4153886008826982378
7241130274042945713
8396384896970614342
9821318618928960437
11770760920088396777
14602777913186201713
14922735433644147771
14740698166459389560
18119049521828519214
16344287382901889978